7 50
0 11 10 7 50 21 20
11 0 21 4 47 18 31
10 21 0 17 60 31 30
7 4 17 0 43 14 27
50 47 60 43 0 57 70
21 18 31 14 57 0 41
20 31 30 27 70 41 0
6 7
3 2
6 1
6 5
5 7
6 3
4 3
3 2
7 3
5 1
5 7
6 7
2 1
7 3
5 3
5 1
3 5
3 6
2 1
3 1
2 4
1 6
7 1
3 6
2 4
1 3
2 1
2 7
5 7
5 6
3 5
6 4
6 7
5 4
5 3
7 6
3 7
7 5
3 2
5 4
3 1
2 1
4 1
4 5
5 1
3 1
5 3
2 4
5 3
6 4
